24,2,2,3,2,2,1,1,1,1
1,1,2,1,1,1,1,1,1,1
1,1,1,1,1,2,1,1,1,1
1,1,1,1,1,1,1,0,1,0
0,1,1,1,0,1,1,1,1,0
1,12,1,455,1,82,7,1,1,0
0,0,1,1,0,6,1,15,0,1
1,3209,17,17,92,35,303,13,3,23
2,2,95,16,905,64,427,67,36,53
224,147,182,1719,1647,123277,1297,7,1673,9501
1704,109590,3523,99426,5228,108304,17505,94966,17378,57805
30942,1355,2713,51405,33631,75615,12353,42600,25691,24103
1370896,45596,346945,198347,27603,79508,146584,1452283,982900,364299
74134,240726,5196619,117380,2776891,10037092,1067626,8686511,1459937,3120279