10,1,1,1,1,1,0,1,1,0
1,0,1,1,1,1,1,1,1,0
1,1,1,1,1,1,1,1,1,0
1,0,1,0,1,1,1,0,1,1
1,0,1,1,1,1,1,0,1,1
1,11,1,429,0,78,7,1,1,0
1,0,1,2,0,3,1,13,0,1
1,3107,15,15,94,31,235,10,3,10
1,1,87,6,879,64,431,74,39,38
224,114,171,1680,1472,111789,1092,5,1389,8973
1435,100617,3425,96124,5093,104420,17983,95736,17149,55095
82389,6006,2748,509411,131375,471232,54657,25641,31348,213937
171046,37209,192875,1039863,282467,707309,409905,3339048,281549,176843
1492171,433773,140337,29106,204200,599781,292493,27309,1914079,954063